14.69
1.27
13.11
2.57
1.92
2.21
1.56
1.16
2.14
2.29
2.6
1.23
1.73
1.03
15.26
2.01
7.51
2.72
1.48
16.91
1.1
1.31
1.36
7.48
2.5
2.34
1.09
1.42
1.35
1.09
1.13
1.76
2.69
2.59
3.54
1.35
2.85
1.51
1.96
3.14
3.22
8.77
4.2
3.68
4.43
1.32
2.88
52.99
4.9
1.94
12.86
1.08
37.28
1.86
3.19
1.11
1.39
1.04
26.4
1.04
1.96
1.31
1.21
4.75
3.45
4.36
1.25
3.88
1.45
1.6
1.02
5.25
4.5
1.49
1.86
26.17
1.19
9.61
2.03
1.46
1.08
5.05
1.05
1.16
4.01
1.66
1.23
3.52
1.0
4.39
2.87
2.02
1.1
2.77
4.55
1.85
3.71
7.46
1.01
1.98
1.59
1.26
1.14
3.17
2.68
2.56
1.47
1.0
1.43
2.23
4.47
1.42
4.27
16.19
1.06
3.16
1.12
2.55
1.32
6.61
1.52
23.15
1.32
1.04
7.82
1.04
1.92
1.06
1.05
2.14
1.66
1.22
4.52
1.49
6.72
1.14
1.5
1.0
1.29
46.71
1.0
9.62
4.64
3.45
1.13
35.74
2.0
50.82
1.83
3.74
1.38
1.64
15.55
1.68
3.87
2.25
3.87
1.15
1.84
4.47
1.16
1.45
10.35
1.62
1.0
1.91
85.9
4.89
5.28
1.17
1.41
1.0
7.0
1.69
1.22
1.24
1.86
1.41
64.11
2.55
2.07
2.39
10.09
2.33
1.52
1.47
7.81
1.59
1.02
3.44
2.75
6.32
2.65
1.77
1.63
1.25
2.53
3.13
1.49
1.09
1.9
1.97
1.53
2.67
4.45
1.34
3.25
3.2
4.6
1.58
3.6
1.48
1.03
4.05
1.49
1.26
1.41
10.35
1.33
3.04
1.12
1.45
1.26
1.74
1.36
1.0
1.01
51.08
3.2
6.77
2.79
2.81
3.09
1.02
2.43
1.0
8.88
3.21
2.31
1.24
1.5
1.03
1.19
1.11
5.27
1.38
2.13
1.34
1.09
2.07
2.43
1.18
1.19
1.29
4.56
1.17
1.48
1.46
1.76
1.09
5.0
1.32
1.24
1.17
1.45
1.21
1.0
8.02
1.48
8.36
3.51
4.4
1.38
8.12
4.32
2.4
1.01
2.1
19.77
2.93
1.27
1.02
4.6
1.42
1.62
11.18
2.2
1.23
6.84
1.46
3.53
1.06
1.87
2.18
1.29
1.26
2.62
1.48
1.06
31.89
1.19
4.48
1.49
2.41
1.37
3.75
2.01
35.17
1.33
2.05
1.82
1.17
8.87
7.88
3.13
1.02
2.19
1.41
11.4
1.47
6.87
8.28
1.69
1.1
1.0
1.32
1.39
2.06
6.72
1.32
51.64
1.6
4.01
1.0
1.19
2.5
10.65
1.49
5.82
3.25
1.22
22.52
1.65
2.71
1.0
2.36
3.96
46.24
1.77
4.79
5.55
1.19
3.92
4.01
1.62
1.19
2.32
1.08
1.3
1.09
1.18
1.33
9.87
2.31
4.14
1.11
4.05
1.54
1.82
5.7
1.31
1.15
1.02
1.78
19.78
1.66
3.81
2.1
2.18
2.68
2.88
1.2
11.43
8.71
1.13
1.25
10.55
1.04
2.43
1.03
1.0
1.09
1.04
1.41
7.87
1.42
1.48
11.64
1.3
9.97
2.72
1.34
8.83
1.11
88.14
1.21
12.23
1.85
2.04
1.46
1.91
1.04
1.61
1.07
1.26
1.43
1.91
1.58
3.21
1.39
41.2
1.01
3.75
1.04
2.06
1.28
1.5
3.76
14.23
4.22
1.74
13.55
9.8
19.39
2.06
8.18
1.7
3.5
1.05
5.2
2.69
1.63
2.42
92.74
2.98
1.0
1.03
2.76
1.0
1.29
2.46
1.0
1.31
1.0
2.27
3.0
2.87
20.32
3.39
3.06
2.12
4.33
21.08
6.03
28.54
3.03
1.27
1.73
4.97
2.03
7.78
4.41
6.81
38.21
1.23
1.42
5.23
1.25
2.52
4.12
35.27
2.97
1.31
1.38
1.0
1.42
7.86
3.86
3.54
